-1.000000000000000000e+00 -1.000000000000000000e+00 -1.000000000000000000e+00 -9.999990444614491603e-01 -9.997639226020694769e-01 -9.999996934675634552e-01 -1.000000000000000000e+00 -1.000000000000000000e+00 -1.000000000000000000e+00 -1.000000000000000000e+00 -1.000000000000000000e+00 -1.000000000000000000e+00 -1.000000000000000000e+00 -1.000000000000000000e+00 -1.000000000000000000e+00 -1.000000000000000000e+00 -1.000000000000000000e+00 -1.000000000000000000e+00
-1.000000000000000000e+00 -1.000000000000000000e+00 -9.999999994500736733e-01 -9.999986841061322407e-01 -9.999900821671598994e-01 -9.961267108955751404e-01 -9.697033539982586881e-01 -9.998920795679283602e-01 -9.999977081093956999e-01 -9.999738282909377274e-01 -1.000000000000000000e+00 -1.000000000000000000e+00 -9.999909442244087066e-01 -9.999988636422283417e-01 -1.000000000000000000e+00 -9.999941657771190817e-01 -1.000000000000000000e+00 -1.000000000000000000e+00
-1.000000000000000000e+00 -1.000000000000000000e+00 -9.999999920552238297e-01 -9.998717975887503329e-01 -9.975031568357164424e-01 -8.236765991799239739e-01 -9.612229165521771757e-01 -1.000000000000000000e+00 -9.999912615906176860e-01 -9.999998279418362834e-01 -9.999989432512086385e-01 -9.999999993896728778e-01 -9.999798311678852469e-01 -9.995022915016064102e-01 -9.999993635878133835e-01 -9.999937949004988891e-01 -9.999998077309282252e-01 -1.000000000000000000e+00
-1.000000000000000000e+00 -1.000000000000000000e+00 -9.999811612099810398e-01 -9.642872281705908710e-01 -2.433290057864518907e-01 -2.801985269226746622e-01 -4.883648875715586035e-01 -1.000000000000000000e+00 -9.997409015806115740e-01 -9.865311368192093422e-01 -9.999120526308252765e-01 -9.999660615437376832e-01 -9.998818577689613241e-01 -9.999964570775826678e-01 -9.811705907230546808e-01 -9.999758953605691891e-01 -9.999978717489430569e-01 -9.999999999819907393e-01
-1.000000000000000000e+00 -1.000000000000000000e+00 -9.998653741801662997e-01 -2.742015042306779060e-01 -2.962650394013200961e-01 -4.078723648625127707e-01 -5.513198866265041076e-01 -5.990960031530135899e-01 -6.602983586700991170e-01 -9.282419230066297766e-01 -9.839662114217543332e-01 -9.960271882751846606e-01 -9.935260060757437062e-01 -9.999771546453655180e-01 -9.985961326577026398e-01 -9.987479306534746692e-01 -9.999030207274949289e-01 -1.000000000000000000e+00
-1.000000000000000000e+00 -1.000000000000000000e+00 -9.833880979039245629e-01 -7.710792565835491441e-01 -3.489137618032703836e-01 -6.398800537683078105e-01 -9.928186323795814561e-01 -9.986410722860178391e-01 -9.994988521052904362e-01 -9.955166781136932652e-01 -9.962714105676886422e-01 -9.999862599036617450e-01 -9.969579085893348624e-01 -9.835625693899604505e-01 -4.935366608885104478e-01 -9.967947295944489250e-01 -9.999994593717128621e-01 -1.000000000000000000e+00
-1.000000000000000000e+00 -9.999999999894148006e-01 -2.477564295440792819e-01 -9.999928363411297871e-01 -9.383626965311464563e-01 -2.401893328631089508e-01 -9.998929691393356745e-01 -9.999999999999922284e-01 -9.807456168650603434e-01 -9.990278089871241773e-01 -9.999999074845157265e-01 -9.965796804219024807e-01 -9.977439636111682386e-01 -9.977638634393086736e-01 -2.567025171540125994e-01 -6.115224807207475521e-02 -9.999686771548601527e-01 -1.000000000000000000e+00
-9.999969966618734718e-01 -9.999973550603017403e-01 -9.999834656018009582e-01 -9.999957872558354888e-01 -9.999289515364383485e-01 -9.997462887025122535e-01 -1.000000000000000000e+00 -1.000000000000000000e+00 -2.205482667952910480e-01 -1.000000000000000000e+00 -9.999979469730425619e-01 -9.998776508618285597e-01 -1.000000000000000000e+00 -1.000000000000000000e+00 -9.990539953348452906e-01 -1.000000000000000000e+00 -1.000000000000000000e+00 -1.000000000000000000e+00
-1.000000000000000000e+00 -1.000000000000000000e+00 -9.999994539277270444e-01 -9.999976383252955348e-01 -9.999938824112025726e-01 -9.999999997873076918e-01 -9.999999976803717328e-01 -9.999999997926899420e-01 -9.417253106038177002e-01 -6.820687078969938089e-01 -1.000000000000000000e+00 -9.998387788684965916e-01 -9.999658651198987114e-01 -1.000000000000000000e+00 -1.000000000000000000e+00 -1.000000000000000000e+00 -1.000000000000000000e+00 -1.000000000000000000e+00
-1.000000000000000000e+00 -1.000000000000000000e+00 -1.000000000000000000e+00 -1.000000000000000000e+00 -1.000000000000000000e+00 -9.999999999937765338e-01 -9.999999763019342680e-01 -1.000000000000000000e+00 -9.996254822055440359e-01 -9.897237130244560532e-01 -9.930409596181923870e-01 -9.999999894652564780e-01 -9.999950780588409138e-01 -1.000000000000000000e+00 -1.000000000000000000e+00 -1.000000000000000000e+00 -1.000000000000000000e+00 -1.000000000000000000e+00
-1.000000000000000000e+00 -1.000000000000000000e+00 -1.000000000000000000e+00 -1.000000000000000000e+00 -1.000000000000000000e+00 -1.000000000000000000e+00 -1.000000000000000000e+00 -1.000000000000000000e+00 -1.000000000000000000e+00 -1.000000000000000000e+00 -1.000000000000000000e+00 -9.999999998265305390e-01 -9.999754250508412490e-01 -9.999428377136373447e-01 -1.000000000000000000e+00 -1.000000000000000000e+00 -1.000000000000000000e+00 -1.000000000000000000e+00
-1.000000000000000000e+00 -1.000000000000000000e+00 -1.000000000000000000e+00 -1.000000000000000000e+00 -1.000000000000000000e+00 -1.000000000000000000e+00 -1.000000000000000000e+00 -1.000000000000000000e+00 -1.000000000000000000e+00 -1.000000000000000000e+00 -1.000000000000000000e+00 -1.000000000000000000e+00 -1.000000000000000000e+00 -1.000000000000000000e+00 -1.000000000000000000e+00 -1.000000000000000000e+00 -1.000000000000000000e+00 -1.000000000000000000e+00
