9.999999999999950578e-08 9.999999999999950578e-08 9.999999999999950578e-08 9.999999999999950578e-08 9.999999999999950578e-08 9.999999999999950578e-08 9.999999999999950578e-08 2.739672446413670900e-02 9.999999999999950578e-08 9.999999999999950578e-08 9.999999999999950578e-08 9.999999999999950578e-08 9.999999999999950578e-08 9.999999999999950578e-08 9.999999999999950578e-08 9.999999999999950578e-08
9.999999999999950578e-08 9.999999999999950578e-08 9.999999999999950578e-08 9.999999999999950578e-08 1.684324631233936539e-02 4.710476424039645310e-02 4.890309062239624888e-02 4.673881929146251474e-02 9.999999999999950578e-08 1.137814785069736628e-01 9.999999999999950578e-08 9.999999999999950578e-08 9.999999999999950578e-08 9.999999999999950578e-08 9.999999999999950578e-08 9.999999999999950578e-08
9.999999999999950578e-08 9.999999999999950578e-08 9.999999999999950578e-08 9.999999999999950578e-08 9.999999999999950578e-08 9.999999999999950578e-08 9.999999999999950578e-08 9.999999999999950578e-08 9.999999999999950578e-08 9.999999999999950578e-08 1.466996167227553952e-02 9.999999999999950578e-08 9.999999999999950578e-08 9.999999999999950578e-08 5.036486741158551633e-02 2.191595885873403871e-01
9.999999999999950578e-08 9.999999999999950578e-08 9.999999999999950578e-08 9.999999999999950578e-08 9.999999999999950578e-08 9.999999999999950578e-08 9.999999999999950578e-08 9.999999999999950578e-08 8.104626039451807706e-01 6.680476264992719904e-02 9.999999999999950578e-08 9.999999999999950578e-08 9.999999999999950578e-08 9.748766740017060783e-01 9.999999999999950578e-08 9.999999999999950578e-08
9.999999999999950578e-08 9.999999999999950578e-08 9.999999999999950578e-08 9.999999999999950578e-08 2.608587635285805617e-02 9.999999999999950578e-08 9.999999999999950578e-08 9.999999999999950578e-08 9.998494565791787858e-01 1.221967725134730509e-01 2.737713159274619487e-02 9.995281601810301897e-01 9.997386969642038101e-01 9.999999999999950578e-08 9.999999999999950578e-08 9.999999999999950578e-08
9.999999999999950578e-08 9.999999999999950578e-08 9.999999999999950578e-08 9.999999999999950578e-08 1.698197881478064053e-02 9.999999999999950578e-08 9.999999999999950578e-08 9.999999999999950578e-08 9.999999999999950578e-08 7.622479484245742176e-02 3.358320922069924636e-02 9.999430218377687307e-01 9.999999999999950578e-08 9.999999999999950578e-08 9.999999999999950578e-08 9.999999999999950578e-08
9.999999999999950578e-08 9.999999999999950578e-08 9.999999999999950578e-08 4.952219524548732987e-02 2.161393907892923127e-01 3.604723425651062962e-02 9.999999999999950578e-08 9.999999999999950578e-08 9.999999999999950578e-08 2.916907569565729830e-01 2.061509342127978150e-01 9.999999999999950578e-08 9.999999999999950578e-08 9.999999999999950578e-08 9.999999999999950578e-08 9.999999999999950578e-08
9.999999999999950578e-08 3.686822496646222774e-02 7.506068474853357098e-02 1.163404876630864254e-01 1.343240001214582036e-01 1.473436047195472165e-01 9.999999999999950578e-08 9.999999999999950578e-08 9.999999999999950578e-08 5.449296527468723284e-01 1.228859223579093773e-01 9.999999999999950578e-08 9.999999999999950578e-08 9.999999999999950578e-08 9.999999999999950578e-08 9.999999999999950578e-08
9.958404767476697339e-02 2.069981863087508311e-01 9.987994101953945325e-01 9.987974517699236277e-01 1.199984361263646826e-01 7.440283563956050228e-02 2.884141053032522259e-02 1.624202744520972241e-02 1.209239855257385476e-01 4.787102032175598321e-02 1.582972019270572628e-01 9.999999999999950578e-08 9.999999999999950578e-08 9.999999999999950578e-08 9.999999999999950578e-08 9.999999999999950578e-08
9.255520710242061411e-02 9.975596577606244963e-01 9.988858288462932888e-01 1.558471740726018184e-01 4.480512198231941245e-01 1.185273266956360649e-01 9.343418644297352138e-02 9.999603776629758523e-01 9.999862620236480426e-01 8.965394888467471679e-01 1.543770844033953427e-01 9.999999999999950578e-08 9.999999999999950578e-08 9.999999999999950578e-08 9.999999999999950578e-08 9.999999999999950578e-08
5.192990278986475694e-02 4.038070114232069074e-01 9.990930996817745102e-01 8.491156013782905077e-02 4.372456204871057461e-01 1.224808195157133517e-01 9.999999999999950578e-08 2.577555666082511632e-01 1.439157768473828258e-01 1.134091886825875639e-01 3.918177966021631209e-02 9.999999999999950578e-08 9.999999999999950578e-08 9.999999999999950578e-08 9.999999999999950578e-08 9.999999999999950578e-08
9.999999999999950578e-08 4.842620355544791644e-01 9.983426733675380138e-01 9.987083017425747444e-01 4.774474994731459643e-01 9.999999999999950578e-08 2.003253739191969765e-02 1.817874803527585736e-01 1.920975920299781425e-01 9.039694182181970961e-01 1.097348065073112527e-01 1.230310008333746277e-02 9.999999999999950578e-08 9.999999999999950578e-08 9.999999999999950578e-08 9.999999999999950578e-08
9.999999999999950578e-08 1.341970130343748957e-01 3.927681357844982624e-01 9.987600030505766613e-01 4.530108307913509047e-01 3.693629279779910707e-02 6.092927429763501657e-01 9.998601498740364857e-01 9.999906917362704206e-01 5.097872595055272793e-01 1.642164638643212604e-01 1.371470614329868207e-02 1.338349874617843910e-02 2.371359451646936484e-02 1.566451903569764798e-02 9.999999999999950578e-08
9.999999999999950578e-08 1.242016510765992995e-02 5.180591229795498132e-01 9.988780984576007826e-01 9.989366336735192586e-01 3.082390613884585309e-02 1.188209907260039944e-01 1.383790957290061130e-01 8.185868214026789658e-02 1.865942575622150101e-01 2.948057069934583718e-01 5.266073522306365939e-01 2.983348587042066735e-01 5.294184486258405320e-01 1.450051002846390602e-01 9.999999999999950578e-08
9.999999999999950578e-08 9.999999999999950578e-08 2.232935249212920914e-01 1.558646225996905554e-01 2.086830912070169464e-01 2.359041353691160303e-02 1.713327699336561136e-02 9.999275592338426888e-01 9.998906626502958028e-01 4.524838967007586699e-01 2.676480299030187249e-01 9.996887767748057207e-01 9.992775299308930270e-01 9.238949914576446432e-01 1.307945385928996063e-01 9.999999999999950578e-08
9.999999999999950578e-08 9.999999999999950578e-08 5.061775912804272748e-02 3.537912495754810122e-02 9.999999999999950578e-08 1.624070081201450105e-02 1.289678109656622607e-01 1.221624576417605912e-01 2.679288928956456983e-01 1.728427807362865887e-01 8.915866875653462309e-02 1.859730542120947572e-01 3.916079610465084820e-02 1.641602482996666612e-02 3.093924069288257750e-02 9.999999999999950578e-08
9.999999999999950578e-08 9.999999999999950578e-08 9.999999999999950578e-08 9.999999999999950578e-08 9.999999999999950578e-08 9.999999999999950578e-08 1.509699434300775661e-02 9.999999999999950578e-08 9.999999999999950578e-08 9.999999999999950578e-08 9.999999999999950578e-08 9.999999999999950578e-08 9.999999999999950578e-08 9.999999999999950578e-08 9.999999999999950578e-08 9.999999999999950578e-08
